7 ap, min rssi: -50dbm
ZOA:
0.43 0.3468 -50.58 3.3003 0.63 0.0581 -48.48 0.7325 142.29
PD+ZOA:
0.45 0.4533 -50.05 4.5867 0.72 0.0508 -47.53 0.4805 169.02
FOA:
0.21 0.4 -53.95 5.81 0.74 0.09 -47.73 1.18 135
PD+FOA:
0.0 0.0 -54.76 0.16 0.78 0.05 -47.12 0.52 179

OURS:
run time: 251.76
-46.21 -43.29 -49.64 -45.17 -50.0 -44.81 null null -50.0 -44.87  coverage: 1.0 0.71 0.88 0.79
run time: 111.45
-46.17 -43.29 -49.68 -45.16 -49.92 -44.77 null null -49.92 -44.85  coverage: 1.0 0.71 0.88 0.79
run time: 113.53
-46.17 -43.29 -49.68 -45.16 -49.92 -44.77 null null -49.92 -44.85  coverage: 1.0 0.71 0.88 0.79
run time: 135.9
-46.18 -43.29 -49.67 -45.16 -49.99 -44.79 null null -49.99 -44.86  coverage: 1.0 0.71 0.88 0.79
run time: 188.98
-46.19 -43.29 -49.72 -45.17 -49.9 -44.79 null null -49.9 -44.86  coverage: 1.0 0.71 0.88 0.79
run time: 238.05
-46.22 -43.29 -49.63 -45.17 -50.0 -44.81 null null -50.0 -44.87  coverage: 1.0 0.71 0.88 0.79
run time: 230.99
-46.22 -43.29 -49.63 -45.17 -50.0 -44.81 null null -50.0 -44.87  coverage: 1.0 0.71 0.88 0.79
run time: 211.09
-46.22 -43.29 -49.63 -45.17 -50.0 -44.81 null null -50.0 -44.87  coverage: 1.0 0.71 0.88 0.79
run time: 131.61
-46.18 -43.29 -49.67 -45.16 -49.99 -44.79 null null -49.99 -44.86  coverage: 1.0 0.71 0.88 0.79
run time: 101.28
-46.18 -43.29 -49.68 -45.16 -50.0 -44.81 null null -50.0 -44.86  coverage: 1.0 0.71 0.88 0.79
