3 aps:
zoa:
foa:
pdft:

3 aps:
zoa:
foa:
pdft:

9 aps:
zoa:-49.84 -45.85 -53.54 -42.86 -52.31 -43.32 -55.99 -47.96 -55.58 -43.23
foa:-51.66 -48.69 -55.77 -45.03 -48.19 -40.52 -55.92 -48.54 -56.76 -43.58
pdft:-42.24 -39.29 -50.61 -41.96 -48.82 -40.21 -56.83 -50.39 -50.61 -41.14


C:\Anaconda3\envs\anaconda_env\python.exe D:/pydemo/deploy/grad/algorithm/proposed_run.py
run time: 244.28
-42.46 -39.3 -60.0 -51.13 -59.98 -49.76 -59.95 -51.6 -60.0 -49.78  coverage: 1.0 0.9 0.99 0.94
3 aps end ====================
run time: 81.72
-42.27 -39.29 -54.81 -46.63 -53.32 -41.65 -57.69 -51.29 -54.81 -44.3  coverage: 1.0 1.0 1.0 1.0
6 aps end ====================
-51.8 -48.77 -52.76 -42.66 -59.49 -46.72 -59.77 -46.98 -59.49 -44.57  coverage: 1.0 1.0 1.0 1.0
-44.9 -40.4 -51.73 -41.73 -46.99 -41.02 -56.22 -48.73 -51.73 -41.38  coverage: 1.0 1.0 1.0 1.0
-44.9 -40.4 -49.75 -41.86 -46.99 -40.82 -56.22 -48.7 -49.75 -41.37  coverage: 1.0 1.0 1.0 1.0
-44.9 -40.4 -49.75 -41.86 -46.99 -40.82 -56.22 -48.7 -49.75 -41.37  coverage: 1.0 1.0 1.0 1.0
-44.9 -40.4 -49.75 -41.86 -46.99 -40.82 -56.22 -48.7 -49.75 -41.37  coverage: 1.0 1.0 1.0 1.0
-44.9 -40.4 -49.75 -41.86 -46.99 -40.82 -56.22 -48.7 -49.75 -41.37  coverage: 1.0 1.0 1.0 1.0
-44.9 -40.4 -49.75 -41.86 -46.99 -40.82 -56.22 -48.7 -49.75 -41.37  coverage: 1.0 1.0 1.0 1.0
-44.9 -40.4 -49.75 -41.86 -46.99 -40.82 -56.22 -48.7 -49.75 -41.37  coverage: 1.0 1.0 1.0 1.0
-44.9 -40.4 -49.75 -41.86 -46.99 -40.82 -56.22 -48.7 -49.75 -41.37  coverage: 1.0 1.0 1.0 1.0
-44.9 -40.4 -49.75 -41.86 -46.99 -40.82 -56.22 -48.7 -49.75 -41.37  coverage: 1.0 1.0 1.0 1.0
-44.9 -40.4 -49.75 -41.86 -46.99 -40.82 -56.22 -48.7 -49.75 -41.37  coverage: 1.0 1.0 1.0 1.0
end of overlap calculate
-44.9 -40.4 -49.75 -41.86 -46.99 -40.82 -56.22 -48.7 -49.75 -41.37  coverage: 1.0 1.0 1.0 1.0
-44.9 -40.4 -49.75 -41.86 -46.99 -40.82 -56.22 -48.7 -49.75 -41.37  coverage: 1.0 1.0 1.0 1.0
-44.9 -40.4 -49.75 -41.86 -46.99 -40.82 -56.22 -48.7 -49.75 -41.37  coverage: 1.0 1.0 1.0 1.0
-44.9 -40.4 -49.75 -41.86 -46.99 -40.82 -56.22 -48.7 -49.75 -41.37  coverage: 1.0 1.0 1.0 1.0
-44.9 -40.4 -49.75 -41.86 -46.99 -40.82 -56.22 -48.7 -49.75 -41.37  coverage: 1.0 1.0 1.0 1.0
-44.9 -40.4 -49.75 -41.86 -46.99 -40.82 -56.22 -48.7 -49.75 -41.37  coverage: 1.0 1.0 1.0 1.0
-44.9 -40.4 -49.75 -41.86 -46.99 -40.82 -56.22 -48.7 -49.75 -41.37  coverage: 1.0 1.0 1.0 1.0
-44.9 -40.4 -49.75 -41.86 -46.99 -40.82 -56.22 -48.7 -49.75 -41.37  coverage: 1.0 1.0 1.0 1.0
-44.9 -40.4 -49.75 -41.86 -46.99 -40.82 -56.22 -48.7 -49.75 -41.37  coverage: 1.0 1.0 1.0 1.0
-44.9 -40.4 -49.75 -41.86 -46.99 -40.82 -56.22 -48.7 -49.75 -41.37  coverage: 1.0 1.0 1.0 1.0
-44.9 -40.4 -49.75 -41.86 -46.99 -40.82 -56.22 -48.7 -49.75 -41.37  coverage: 1.0 1.0 1.0 1.0
-44.9 -40.4 -49.75 -41.86 -46.99 -40.82 -56.22 -48.7 -49.75 -41.37  coverage: 1.0 1.0 1.0 1.0
-44.9 -40.4 -49.75 -41.86 -46.99 -40.82 -56.22 -48.7 -49.75 -41.37  coverage: 1.0 1.0 1.0 1.0
-44.9 -40.4 -49.75 -41.86 -46.99 -40.82 -56.22 -48.7 -49.75 -41.37  coverage: 1.0 1.0 1.0 1.0
-44.9 -40.4 -49.75 -41.86 -46.99 -40.82 -56.22 -48.7 -49.75 -41.37  coverage: 1.0 1.0 1.0 1.0
-44.9 -40.4 -49.75 -41.86 -46.99 -40.82 -56.22 -48.7 -49.75 -41.37  coverage: 1.0 1.0 1.0 1.0
-44.9 -40.4 -49.75 -41.86 -46.99 -40.82 -56.22 -48.7 -49.75 -41.37  coverage: 1.0 1.0 1.0 1.0
-44.9 -40.4 -49.75 -41.86 -46.99 -40.82 -56.22 -48.7 -49.75 -41.37  coverage: 1.0 1.0 1.0 1.0
-44.9 -40.4 -49.75 -41.86 -46.99 -40.82 -56.22 -48.7 -49.75 -41.37  coverage: 1.0 1.0 1.0 1.0
RUNNING THE L-BFGS-B CODE

           * * *

Machine precision = 2.220D-16
 N =           18     M =           10

At X0         0 variables are exactly at the bounds

At iterate    0    f= -3.03727D+02    |proj g|=  2.97715D+00
-42.68 -39.32 -49.75 -41.92 -46.98 -40.73 -56.24 -48.84 -49.75 -41.31  coverage: 1.0 1.0 1.0 1.0
-42.68 -39.32 -49.75 -41.92 -46.98 -40.73 -56.24 -48.84 -49.75 -41.31  coverage: 1.0 1.0 1.0 1.0
-42.68 -39.32 -49.75 -41.92 -46.98 -40.73 -56.24 -48.84 -49.75 -41.31  coverage: 1.0 1.0 1.0 1.0
-42.68 -39.32 -49.75 -41.92 -46.98 -40.73 -56.24 -48.84 -49.75 -41.31  coverage: 1.0 1.0 1.0 1.0
-42.68 -39.32 -49.75 -41.92 -46.98 -40.73 -56.24 -48.84 -49.75 -41.31  coverage: 1.0 1.0 1.0 1.0
-42.68 -39.32 -49.75 -41.92 -46.98 -40.73 -56.24 -48.84 -49.75 -41.31  coverage: 1.0 1.0 1.0 1.0
-42.68 -39.32 -49.75 -41.92 -46.98 -40.73 -56.24 -48.84 -49.75 -41.31  coverage: 1.0 1.0 1.0 1.0
-42.68 -39.32 -49.75 -41.92 -46.98 -40.73 -56.24 -48.84 -49.75 -41.31  coverage: 1.0 1.0 1.0 1.0
-42.68 -39.32 -49.75 -41.92 -46.98 -40.73 -56.24 -48.84 -49.75 -41.31  coverage: 1.0 1.0 1.0 1.0
-42.68 -39.32 -49.75 -41.92 -46.98 -40.73 -56.24 -48.84 -49.75 -41.31  coverage: 1.0 1.0 1.0 1.0
-42.68 -39.32 -49.75 -41.92 -46.98 -40.73 -56.24 -48.84 -49.75 -41.31  coverage: 1.0 1.0 1.0 1.0
-42.68 -39.32 -49.75 -41.92 -46.98 -40.73 -56.24 -48.84 -49.75 -41.31  coverage: 1.0 1.0 1.0 1.0
-42.68 -39.32 -49.75 -41.92 -46.98 -40.73 -56.24 -48.84 -49.75 -41.31  coverage: 1.0 1.0 1.0 1.0
-42.68 -39.32 -49.75 -41.92 -46.98 -40.73 -56.24 -48.84 -49.75 -41.31  coverage: 1.0 1.0 1.0 1.0
-42.68 -39.32 -49.75 -41.92 -46.98 -40.73 -56.24 -48.84 -49.75 -41.31  coverage: 1.0 1.0 1.0 1.0
-42.68 -39.32 -49.75 -41.92 -46.98 -40.73 -56.24 -48.84 -49.75 -41.31  coverage: 1.0 1.0 1.0 1.0
-42.68 -39.32 -49.75 -41.92 -46.98 -40.73 -56.24 -48.84 -49.75 -41.31  coverage: 1.0 1.0 1.0 1.0
-42.68 -39.32 -49.75 -41.92 -46.98 -40.73 -56.24 -48.84 -49.75 -41.31  coverage: 1.0 1.0 1.0 1.0
-42.68 -39.32 -49.75 -41.92 -46.98 -40.73 -56.24 -48.84 -49.75 -41.31  coverage: 1.0 1.0 1.0 1.0

At iterate    1    f= -3.08419D+02    |proj g|=  5.65138D-01
-42.24 -39.29 -49.75 -41.9 -46.98 -40.67 -56.25 -48.93 -49.75 -41.27  coverage: 1.0 1.0 1.0 1.0
-42.24 -39.29 -49.75 -41.9 -46.98 -40.67 -56.25 -48.93 -49.75 -41.27  coverage: 1.0 1.0 1.0 1.0
-42.24 -39.29 -49.75 -41.9 -46.98 -40.67 -56.25 -48.93 -49.75 -41.27  coverage: 1.0 1.0 1.0 1.0
-42.24 -39.29 -49.75 -41.9 -46.98 -40.67 -56.25 -48.93 -49.75 -41.27  coverage: 1.0 1.0 1.0 1.0
-42.24 -39.29 -49.75 -41.9 -46.98 -40.67 -56.25 -48.93 -49.75 -41.27  coverage: 1.0 1.0 1.0 1.0
-42.24 -39.29 -49.75 -41.9 -46.98 -40.67 -56.25 -48.93 -49.75 -41.27  coverage: 1.0 1.0 1.0 1.0
-42.24 -39.29 -49.75 -41.9 -46.98 -40.67 -56.25 -48.93 -49.75 -41.27  coverage: 1.0 1.0 1.0 1.0
-42.24 -39.29 -49.75 -41.9 -46.98 -40.67 -56.25 -48.93 -49.75 -41.27  coverage: 1.0 1.0 1.0 1.0
-42.24 -39.29 -49.75 -41.9 -46.98 -40.67 -56.25 -48.93 -49.75 -41.27  coverage: 1.0 1.0 1.0 1.0
-42.24 -39.29 -49.75 -41.9 -46.98 -40.67 -56.25 -48.93 -49.75 -41.27  coverage: 1.0 1.0 1.0 1.0
-42.24 -39.29 -49.75 -41.9 -46.98 -40.67 -56.25 -48.93 -49.75 -41.27  coverage: 1.0 1.0 1.0 1.0
-42.24 -39.29 -49.75 -41.9 -46.98 -40.67 -56.25 -48.93 -49.75 -41.27  coverage: 1.0 1.0 1.0 1.0
-42.24 -39.29 -49.75 -41.9 -46.98 -40.67 -56.25 -48.93 -49.75 -41.27  coverage: 1.0 1.0 1.0 1.0
-42.24 -39.29 -49.75 -41.9 -46.98 -40.67 -56.25 -48.93 -49.75 -41.27  coverage: 1.0 1.0 1.0 1.0
-42.24 -39.29 -49.75 -41.9 -46.98 -40.67 -56.25 -48.93 -49.75 -41.27  coverage: 1.0 1.0 1.0 1.0
-42.24 -39.29 -49.75 -41.9 -46.98 -40.67 -56.25 -48.93 -49.75 -41.27  coverage: 1.0 1.0 1.0 1.0
-42.24 -39.29 -49.75 -41.9 -46.98 -40.67 -56.25 -48.93 -49.75 -41.27  coverage: 1.0 1.0 1.0 1.0
-42.24 -39.29 -49.75 -41.9 -46.98 -40.67 -56.25 -48.93 -49.75 -41.27  coverage: 1.0 1.0 1.0 1.0
-42.24 -39.29 -49.75 -41.9 -46.98 -40.67 -56.25 -48.93 -49.75 -41.27  coverage: 1.0 1.0 1.0 1.0

At iterate    2    f= -3.08702D+02    |proj g|=  2.75594D-01
-42.47 -39.3 -49.75 -41.88 -47.05 -40.55 -56.29 -49.14 -49.75 -41.21  coverage: 1.0 1.0 1.0 1.0
-42.47 -39.3 -49.75 -41.88 -47.05 -40.55 -56.29 -49.14 -49.75 -41.21  coverage: 1.0 1.0 1.0 1.0
-42.47 -39.3 -49.75 -41.88 -47.05 -40.55 -56.29 -49.14 -49.75 -41.21  coverage: 1.0 1.0 1.0 1.0
-42.47 -39.3 -49.75 -41.88 -47.05 -40.55 -56.29 -49.14 -49.75 -41.21  coverage: 1.0 1.0 1.0 1.0
-42.47 -39.3 -49.75 -41.88 -47.05 -40.55 -56.29 -49.14 -49.75 -41.21  coverage: 1.0 1.0 1.0 1.0
-42.47 -39.3 -49.75 -41.88 -47.05 -40.55 -56.29 -49.14 -49.75 -41.21  coverage: 1.0 1.0 1.0 1.0
-42.47 -39.3 -49.75 -41.88 -47.05 -40.55 -56.29 -49.14 -49.75 -41.21  coverage: 1.0 1.0 1.0 1.0
-42.47 -39.3 -49.75 -41.88 -47.05 -40.55 -56.29 -49.14 -49.75 -41.21  coverage: 1.0 1.0 1.0 1.0
-42.47 -39.3 -49.75 -41.88 -47.05 -40.55 -56.29 -49.14 -49.75 -41.21  coverage: 1.0 1.0 1.0 1.0
-42.47 -39.3 -49.75 -41.88 -47.05 -40.55 -56.29 -49.14 -49.75 -41.21  coverage: 1.0 1.0 1.0 1.0
-42.47 -39.3 -49.75 -41.88 -47.05 -40.55 -56.29 -49.14 -49.75 -41.21  coverage: 1.0 1.0 1.0 1.0
-42.47 -39.3 -49.75 -41.88 -47.05 -40.55 -56.29 -49.14 -49.75 -41.21  coverage: 1.0 1.0 1.0 1.0
-42.47 -39.3 -49.75 -41.88 -47.05 -40.55 -56.29 -49.14 -49.75 -41.21  coverage: 1.0 1.0 1.0 1.0
-42.47 -39.3 -49.75 -41.88 -47.05 -40.55 -56.29 -49.14 -49.75 -41.21  coverage: 1.0 1.0 1.0 1.0
-42.47 -39.3 -49.75 -41.88 -47.05 -40.55 -56.29 -49.14 -49.75 -41.21  coverage: 1.0 1.0 1.0 1.0
-42.47 -39.3 -49.75 -41.88 -47.05 -40.55 -56.29 -49.14 -49.75 -41.21  coverage: 1.0 1.0 1.0 1.0
-42.47 -39.3 -49.75 -41.88 -47.05 -40.55 -56.29 -49.14 -49.75 -41.21  coverage: 1.0 1.0 1.0 1.0
-42.47 -39.3 -49.75 -41.88 -47.05 -40.55 -56.29 -49.14 -49.75 -41.21  coverage: 1.0 1.0 1.0 1.0
-42.47 -39.3 -49.75 -41.88 -47.05 -40.55 -56.29 -49.14 -49.75 -41.21  coverage: 1.0 1.0 1.0 1.0

At iterate    3    f= -3.08972D+02    |proj g|=  2.57870D-01
-42.59 -39.31 -49.75 -41.82 -47.38 -40.36 -56.36 -49.55 -49.75 -41.12  coverage: 1.0 1.0 1.0 1.0
-42.59 -39.31 -49.75 -41.82 -47.38 -40.36 -56.36 -49.55 -49.75 -41.12  coverage: 1.0 1.0 1.0 1.0
-42.59 -39.31 -49.75 -41.82 -47.38 -40.36 -56.36 -49.55 -49.75 -41.12  coverage: 1.0 1.0 1.0 1.0
-42.59 -39.31 -49.75 -41.82 -47.38 -40.36 -56.36 -49.55 -49.75 -41.12  coverage: 1.0 1.0 1.0 1.0
-42.59 -39.31 -49.75 -41.82 -47.38 -40.36 -56.36 -49.55 -49.75 -41.12  coverage: 1.0 1.0 1.0 1.0
-42.59 -39.31 -49.75 -41.82 -47.38 -40.36 -56.36 -49.55 -49.75 -41.12  coverage: 1.0 1.0 1.0 1.0
-42.59 -39.31 -49.75 -41.82 -47.38 -40.36 -56.36 -49.55 -49.75 -41.12  coverage: 1.0 1.0 1.0 1.0
-42.59 -39.31 -49.75 -41.82 -47.38 -40.36 -56.36 -49.55 -49.75 -41.12  coverage: 1.0 1.0 1.0 1.0
-42.59 -39.31 -49.75 -41.82 -47.38 -40.36 -56.36 -49.55 -49.75 -41.12  coverage: 1.0 1.0 1.0 1.0
-42.59 -39.31 -49.75 -41.82 -47.38 -40.36 -56.36 -49.55 -49.75 -41.12  coverage: 1.0 1.0 1.0 1.0
-42.59 -39.31 -49.75 -41.82 -47.38 -40.36 -56.36 -49.55 -49.75 -41.12  coverage: 1.0 1.0 1.0 1.0
-42.59 -39.31 -49.75 -41.82 -47.38 -40.36 -56.36 -49.55 -49.75 -41.12  coverage: 1.0 1.0 1.0 1.0
-42.59 -39.31 -49.75 -41.82 -47.38 -40.36 -56.36 -49.55 -49.75 -41.12  coverage: 1.0 1.0 1.0 1.0
-42.59 -39.31 -49.75 -41.82 -47.38 -40.36 -56.36 -49.55 -49.75 -41.12  coverage: 1.0 1.0 1.0 1.0
-42.59 -39.31 -49.75 -41.82 -47.38 -40.36 -56.36 -49.55 -49.75 -41.12  coverage: 1.0 1.0 1.0 1.0
-42.59 -39.31 -49.75 -41.82 -47.38 -40.36 -56.36 -49.55 -49.75 -41.12  coverage: 1.0 1.0 1.0 1.0
-42.59 -39.31 -49.75 -41.82 -47.38 -40.36 -56.36 -49.55 -49.75 -41.12  coverage: 1.0 1.0 1.0 1.0
-42.59 -39.31 -49.75 -41.82 -47.38 -40.36 -56.36 -49.55 -49.75 -41.12  coverage: 1.0 1.0 1.0 1.0
-42.59 -39.31 -49.75 -41.82 -47.38 -40.36 -56.36 -49.55 -49.75 -41.12  coverage: 1.0 1.0 1.0 1.0

At iterate    4    f= -3.09382D+02    |proj g|=  4.12922D-01
-42.35 -39.29 -49.78 -41.74 -48.38 -40.25 -56.51 -50.12 -49.78 -41.02  coverage: 1.0 1.0 1.0 1.0
-42.35 -39.29 -49.78 -41.74 -48.38 -40.25 -56.51 -50.12 -49.78 -41.02  coverage: 1.0 1.0 1.0 1.0
-42.35 -39.29 -49.78 -41.74 -48.38 -40.25 -56.51 -50.12 -49.78 -41.02  coverage: 1.0 1.0 1.0 1.0
-42.35 -39.29 -49.78 -41.74 -48.38 -40.25 -56.51 -50.12 -49.78 -41.02  coverage: 1.0 1.0 1.0 1.0
-42.35 -39.29 -49.78 -41.74 -48.38 -40.25 -56.51 -50.12 -49.78 -41.02  coverage: 1.0 1.0 1.0 1.0
-42.35 -39.29 -49.78 -41.74 -48.38 -40.25 -56.51 -50.12 -49.78 -41.02  coverage: 1.0 1.0 1.0 1.0
-42.35 -39.29 -49.78 -41.74 -48.38 -40.25 -56.51 -50.12 -49.78 -41.02  coverage: 1.0 1.0 1.0 1.0
-42.35 -39.29 -49.78 -41.74 -48.38 -40.25 -56.51 -50.12 -49.78 -41.02  coverage: 1.0 1.0 1.0 1.0
-42.35 -39.29 -49.78 -41.74 -48.38 -40.25 -56.51 -50.12 -49.78 -41.02  coverage: 1.0 1.0 1.0 1.0
-42.35 -39.29 -49.78 -41.74 -48.38 -40.25 -56.51 -50.12 -49.78 -41.02  coverage: 1.0 1.0 1.0 1.0
-42.35 -39.29 -49.78 -41.74 -48.38 -40.25 -56.51 -50.12 -49.78 -41.02  coverage: 1.0 1.0 1.0 1.0
-42.35 -39.29 -49.78 -41.74 -48.38 -40.25 -56.51 -50.12 -49.78 -41.02  coverage: 1.0 1.0 1.0 1.0
-42.35 -39.29 -49.78 -41.74 -48.38 -40.25 -56.51 -50.12 -49.78 -41.02  coverage: 1.0 1.0 1.0 1.0
-42.35 -39.29 -49.78 -41.74 -48.38 -40.25 -56.51 -50.12 -49.78 -41.02  coverage: 1.0 1.0 1.0 1.0
-42.35 -39.29 -49.78 -41.74 -48.38 -40.25 -56.51 -50.12 -49.78 -41.02  coverage: 1.0 1.0 1.0 1.0
-42.35 -39.29 -49.78 -41.74 -48.38 -40.25 -56.51 -50.12 -49.78 -41.02  coverage: 1.0 1.0 1.0 1.0
-42.35 -39.29 -49.78 -41.74 -48.38 -40.25 -56.51 -50.12 -49.78 -41.02  coverage: 1.0 1.0 1.0 1.0
-42.35 -39.29 -49.78 -41.74 -48.38 -40.25 -56.51 -50.12 -49.78 -41.02  coverage: 1.0 1.0 1.0 1.0
-42.35 -39.29 -49.78 -41.74 -48.38 -40.25 -56.51 -50.12 -49.78 -41.02  coverage: 1.0 1.0 1.0 1.0

At iterate    5    f= -3.09765D+02    |proj g|=  1.96474D-01
-42.2 -39.29 -49.82 -41.7 -48.67 -40.23 -56.59 -50.22 -49.82 -40.99  coverage: 1.0 1.0 1.0 1.0
-42.2 -39.29 -49.82 -41.7 -48.67 -40.23 -56.59 -50.22 -49.82 -40.99  coverage: 1.0 1.0 1.0 1.0
-42.2 -39.29 -49.82 -41.7 -48.67 -40.23 -56.59 -50.22 -49.82 -40.99  coverage: 1.0 1.0 1.0 1.0
-42.2 -39.29 -49.82 -41.7 -48.67 -40.23 -56.59 -50.22 -49.82 -40.99  coverage: 1.0 1.0 1.0 1.0
-42.2 -39.29 -49.82 -41.7 -48.67 -40.23 -56.59 -50.22 -49.82 -40.99  coverage: 1.0 1.0 1.0 1.0
-42.2 -39.29 -49.82 -41.7 -48.67 -40.23 -56.59 -50.22 -49.82 -40.99  coverage: 1.0 1.0 1.0 1.0
-42.2 -39.29 -49.82 -41.7 -48.67 -40.23 -56.59 -50.22 -49.82 -40.99  coverage: 1.0 1.0 1.0 1.0
-42.2 -39.29 -49.82 -41.7 -48.67 -40.23 -56.59 -50.22 -49.82 -40.99  coverage: 1.0 1.0 1.0 1.0
-42.2 -39.29 -49.82 -41.7 -48.67 -40.23 -56.59 -50.22 -49.82 -40.99  coverage: 1.0 1.0 1.0 1.0
-42.2 -39.29 -49.82 -41.7 -48.67 -40.23 -56.59 -50.22 -49.82 -40.99  coverage: 1.0 1.0 1.0 1.0
-42.2 -39.29 -49.82 -41.7 -48.67 -40.23 -56.59 -50.22 -49.82 -40.99  coverage: 1.0 1.0 1.0 1.0
-42.2 -39.29 -49.82 -41.7 -48.67 -40.23 -56.59 -50.22 -49.82 -40.99  coverage: 1.0 1.0 1.0 1.0
-42.2 -39.29 -49.82 -41.7 -48.67 -40.23 -56.59 -50.22 -49.82 -40.99  coverage: 1.0 1.0 1.0 1.0
-42.2 -39.29 -49.82 -41.7 -48.67 -40.23 -56.59 -50.22 -49.82 -40.99  coverage: 1.0 1.0 1.0 1.0
-42.2 -39.29 -49.82 -41.7 -48.67 -40.23 -56.59 -50.22 -49.82 -40.99  coverage: 1.0 1.0 1.0 1.0
-42.2 -39.29 -49.82 -41.7 -48.67 -40.23 -56.59 -50.22 -49.82 -40.99  coverage: 1.0 1.0 1.0 1.0
-42.2 -39.29 -49.82 -41.7 -48.67 -40.23 -56.59 -50.22 -49.82 -40.99  coverage: 1.0 1.0 1.0 1.0
-42.2 -39.29 -49.82 -41.7 -48.67 -40.23 -56.59 -50.22 -49.82 -40.99  coverage: 1.0 1.0 1.0 1.0
-42.2 -39.29 -49.82 -41.7 -48.67 -40.23 -56.59 -50.22 -49.82 -40.99  coverage: 1.0 1.0 1.0 1.0

At iterate    6    f= -3.09854D+02    |proj g|=  5.33873D-02
-42.32 -39.29 -49.92 -41.64 -49.25 -40.23 -56.76 -50.46 -49.92 -40.96  coverage: 1.0 1.0 1.0 1.0
-42.32 -39.29 -49.92 -41.64 -49.25 -40.23 -56.76 -50.46 -49.92 -40.96  coverage: 1.0 1.0 1.0 1.0
-42.32 -39.29 -49.92 -41.64 -49.25 -40.23 -56.76 -50.46 -49.92 -40.96  coverage: 1.0 1.0 1.0 1.0
-42.32 -39.29 -49.92 -41.64 -49.25 -40.23 -56.76 -50.46 -49.92 -40.96  coverage: 1.0 1.0 1.0 1.0
-42.32 -39.29 -49.92 -41.64 -49.25 -40.23 -56.76 -50.46 -49.92 -40.96  coverage: 1.0 1.0 1.0 1.0
-42.32 -39.29 -49.92 -41.64 -49.25 -40.23 -56.76 -50.46 -49.92 -40.96  coverage: 1.0 1.0 1.0 1.0
-42.32 -39.29 -49.92 -41.64 -49.25 -40.23 -56.76 -50.46 -49.92 -40.96  coverage: 1.0 1.0 1.0 1.0
-42.32 -39.29 -49.92 -41.64 -49.25 -40.23 -56.76 -50.46 -49.92 -40.96  coverage: 1.0 1.0 1.0 1.0
-42.32 -39.29 -49.92 -41.64 -49.25 -40.23 -56.76 -50.46 -49.92 -40.96  coverage: 1.0 1.0 1.0 1.0
-42.32 -39.29 -49.92 -41.64 -49.25 -40.23 -56.76 -50.46 -49.92 -40.96  coverage: 1.0 1.0 1.0 1.0
-42.32 -39.29 -49.92 -41.64 -49.25 -40.23 -56.76 -50.46 -49.92 -40.96  coverage: 1.0 1.0 1.0 1.0
-42.32 -39.29 -49.92 -41.64 -49.25 -40.23 -56.76 -50.46 -49.92 -40.96  coverage: 1.0 1.0 1.0 1.0
-42.32 -39.29 -49.92 -41.64 -49.25 -40.23 -56.76 -50.46 -49.92 -40.96  coverage: 1.0 1.0 1.0 1.0
-42.32 -39.29 -49.92 -41.64 -49.25 -40.23 -56.76 -50.46 -49.92 -40.96  coverage: 1.0 1.0 1.0 1.0
-42.32 -39.29 -49.92 -41.64 -49.25 -40.23 -56.76 -50.46 -49.92 -40.96  coverage: 1.0 1.0 1.0 1.0
-42.32 -39.29 -49.92 -41.64 -49.25 -40.23 -56.76 -50.46 -49.92 -40.96  coverage: 1.0 1.0 1.0 1.0
-42.32 -39.29 -49.92 -41.64 -49.25 -40.23 -56.76 -50.46 -49.92 -40.96  coverage: 1.0 1.0 1.0 1.0
-42.32 -39.29 -49.92 -41.64 -49.25 -40.23 -56.76 -50.46 -49.92 -40.96  coverage: 1.0 1.0 1.0 1.0
-42.32 -39.29 -49.92 -41.64 -49.25 -40.23 -56.76 -50.46 -49.92 -40.96  coverage: 1.0 1.0 1.0 1.0

At iterate    7    f= -3.09881D+02    |proj g|=  1.55404D-01
-42.21 -39.29 -49.92 -41.64 -48.89 -40.22 -56.73 -50.36 -49.92 -40.96  coverage: 1.0 1.0 1.0 1.0
-42.21 -39.29 -49.92 -41.64 -48.89 -40.22 -56.73 -50.36 -49.92 -40.96  coverage: 1.0 1.0 1.0 1.0
-42.21 -39.29 -49.92 -41.64 -48.89 -40.22 -56.73 -50.36 -49.92 -40.96  coverage: 1.0 1.0 1.0 1.0
-42.21 -39.29 -49.92 -41.64 -48.89 -40.22 -56.73 -50.36 -49.92 -40.96  coverage: 1.0 1.0 1.0 1.0
-42.21 -39.29 -49.92 -41.64 -48.89 -40.22 -56.73 -50.36 -49.92 -40.96  coverage: 1.0 1.0 1.0 1.0
-42.21 -39.29 -49.92 -41.64 -48.89 -40.22 -56.73 -50.36 -49.92 -40.96  coverage: 1.0 1.0 1.0 1.0
-42.21 -39.29 -49.92 -41.64 -48.89 -40.22 -56.73 -50.36 -49.92 -40.96  coverage: 1.0 1.0 1.0 1.0
-42.21 -39.29 -49.92 -41.64 -48.89 -40.22 -56.73 -50.36 -49.92 -40.96  coverage: 1.0 1.0 1.0 1.0
-42.21 -39.29 -49.92 -41.64 -48.89 -40.22 -56.73 -50.36 -49.92 -40.96  coverage: 1.0 1.0 1.0 1.0
-42.21 -39.29 -49.92 -41.64 -48.89 -40.22 -56.73 -50.36 -49.92 -40.96  coverage: 1.0 1.0 1.0 1.0
-42.21 -39.29 -49.92 -41.64 -48.89 -40.22 -56.73 -50.36 -49.92 -40.96  coverage: 1.0 1.0 1.0 1.0
-42.21 -39.29 -49.92 -41.64 -48.89 -40.22 -56.73 -50.36 -49.92 -40.96  coverage: 1.0 1.0 1.0 1.0
-42.21 -39.29 -49.92 -41.64 -48.89 -40.22 -56.73 -50.36 -49.92 -40.96  coverage: 1.0 1.0 1.0 1.0
-42.21 -39.29 -49.92 -41.64 -48.89 -40.22 -56.73 -50.36 -49.92 -40.96  coverage: 1.0 1.0 1.0 1.0
-42.21 -39.29 -49.92 -41.64 -48.89 -40.22 -56.73 -50.36 -49.92 -40.96  coverage: 1.0 1.0 1.0 1.0
-42.21 -39.29 -49.92 -41.64 -48.89 -40.22 -56.73 -50.36 -49.92 -40.96  coverage: 1.0 1.0 1.0 1.0
-42.21 -39.29 -49.92 -41.64 -48.89 -40.22 -56.73 -50.36 -49.92 -40.96  coverage: 1.0 1.0 1.0 1.0
-42.21 -39.29 -49.92 -41.64 -48.89 -40.22 -56.73 -50.36 -49.92 -40.96  coverage: 1.0 1.0 1.0 1.0
-42.21 -39.29 -49.92 -41.64 -48.89 -40.22 -56.73 -50.36 -49.92 -40.96  coverage: 1.0 1.0 1.0 1.0

At iterate    8    f= -3.09920D+02    |proj g|=  5.84123D-02
-42.17 -39.29 -49.96 -41.63 -48.83 -40.21 -56.75 -50.33 -49.96 -40.95  coverage: 1.0 1.0 1.0 1.0
-42.17 -39.29 -49.96 -41.63 -48.83 -40.21 -56.75 -50.33 -49.96 -40.95  coverage: 1.0 1.0 1.0 1.0
-42.17 -39.29 -49.96 -41.63 -48.83 -40.21 -56.75 -50.33 -49.96 -40.95  coverage: 1.0 1.0 1.0 1.0
-42.17 -39.29 -49.96 -41.63 -48.83 -40.21 -56.75 -50.33 -49.96 -40.95  coverage: 1.0 1.0 1.0 1.0
-42.17 -39.29 -49.96 -41.63 -48.83 -40.21 -56.75 -50.33 -49.96 -40.95  coverage: 1.0 1.0 1.0 1.0
-42.17 -39.29 -49.96 -41.63 -48.83 -40.21 -56.75 -50.33 -49.96 -40.95  coverage: 1.0 1.0 1.0 1.0
-42.17 -39.29 -49.96 -41.63 -48.83 -40.21 -56.75 -50.33 -49.96 -40.95  coverage: 1.0 1.0 1.0 1.0
-42.17 -39.29 -49.96 -41.63 -48.83 -40.21 -56.75 -50.33 -49.96 -40.95  coverage: 1.0 1.0 1.0 1.0
-42.17 -39.29 -49.96 -41.63 -48.83 -40.21 -56.75 -50.33 -49.96 -40.95  coverage: 1.0 1.0 1.0 1.0
-42.17 -39.29 -49.96 -41.63 -48.83 -40.21 -56.75 -50.33 -49.96 -40.95  coverage: 1.0 1.0 1.0 1.0
-42.17 -39.29 -49.96 -41.63 -48.83 -40.21 -56.75 -50.33 -49.96 -40.95  coverage: 1.0 1.0 1.0 1.0
-42.17 -39.29 -49.96 -41.63 -48.83 -40.21 -56.75 -50.33 -49.96 -40.95  coverage: 1.0 1.0 1.0 1.0
-42.17 -39.29 -49.96 -41.63 -48.83 -40.21 -56.75 -50.33 -49.96 -40.95  coverage: 1.0 1.0 1.0 1.0
-42.17 -39.29 -49.96 -41.63 -48.83 -40.21 -56.75 -50.33 -49.96 -40.95  coverage: 1.0 1.0 1.0 1.0
-42.17 -39.29 -49.96 -41.63 -48.83 -40.21 -56.75 -50.33 -49.96 -40.95  coverage: 1.0 1.0 1.0 1.0
-42.17 -39.29 -49.96 -41.63 -48.83 -40.21 -56.75 -50.33 -49.96 -40.95  coverage: 1.0 1.0 1.0 1.0
-42.17 -39.29 -49.96 -41.63 -48.83 -40.21 -56.75 -50.33 -49.96 -40.95  coverage: 1.0 1.0 1.0 1.0
-42.17 -39.29 -49.96 -41.63 -48.83 -40.21 -56.75 -50.33 -49.96 -40.95  coverage: 1.0 1.0 1.0 1.0
-42.17 -39.29 -49.96 -41.63 -48.83 -40.21 -56.75 -50.33 -49.96 -40.95  coverage: 1.0 1.0 1.0 1.0

At iterate    9    f= -3.09931D+02    |proj g|=  1.58366D-02
-42.2 -39.29 -50.0 -41.63 -48.87 -40.21 -56.78 -50.35 -50.0 -40.95  coverage: 1.0 1.0 1.0 1.0
-42.2 -39.29 -50.0 -41.63 -48.87 -40.21 -56.78 -50.35 -50.0 -40.95  coverage: 1.0 1.0 1.0 1.0
-42.2 -39.29 -50.0 -41.63 -48.87 -40.21 -56.78 -50.35 -50.0 -40.95  coverage: 1.0 1.0 1.0 1.0
-42.2 -39.29 -50.0 -41.63 -48.87 -40.21 -56.78 -50.35 -50.0 -40.95  coverage: 1.0 1.0 1.0 1.0
-42.2 -39.29 -50.0 -41.63 -48.87 -40.21 -56.78 -50.35 -50.0 -40.95  coverage: 1.0 1.0 1.0 1.0
-42.2 -39.29 -50.0 -41.63 -48.87 -40.21 -56.78 -50.35 -50.0 -40.95  coverage: 1.0 1.0 1.0 1.0
-42.2 -39.29 -50.0 -41.63 -48.87 -40.21 -56.78 -50.35 -50.0 -40.95  coverage: 1.0 1.0 1.0 1.0
-42.2 -39.29 -50.0 -41.63 -48.87 -40.21 -56.78 -50.35 -50.0 -40.95  coverage: 1.0 1.0 1.0 1.0
-42.2 -39.29 -50.0 -41.63 -48.87 -40.21 -56.78 -50.35 -50.0 -40.95  coverage: 1.0 1.0 1.0 1.0
-42.2 -39.29 -50.0 -41.63 -48.87 -40.21 -56.78 -50.35 -50.0 -40.95  coverage: 1.0 1.0 1.0 1.0
-42.2 -39.29 -50.0 -41.63 -48.87 -40.21 -56.78 -50.35 -50.0 -40.95  coverage: 1.0 1.0 1.0 1.0
-42.2 -39.29 -50.0 -41.63 -48.87 -40.21 -56.78 -50.35 -50.0 -40.95  coverage: 1.0 1.0 1.0 1.0
-42.2 -39.29 -50.0 -41.63 -48.87 -40.21 -56.78 -50.35 -50.0 -40.95  coverage: 1.0 1.0 1.0 1.0
-42.2 -39.29 -50.0 -41.63 -48.87 -40.21 -56.78 -50.35 -50.0 -40.95  coverage: 1.0 1.0 1.0 1.0
-42.2 -39.29 -50.0 -41.63 -48.87 -40.21 -56.78 -50.35 -50.0 -40.95  coverage: 1.0 1.0 1.0 1.0
-42.2 -39.29 -50.0 -41.63 -48.87 -40.21 -56.78 -50.35 -50.0 -40.95  coverage: 1.0 1.0 1.0 1.0
-42.2 -39.29 -50.0 -41.63 -48.87 -40.21 -56.78 -50.35 -50.0 -40.95  coverage: 1.0 1.0 1.0 1.0
-42.2 -39.29 -50.0 -41.63 -48.87 -40.21 -56.78 -50.35 -50.0 -40.95  coverage: 1.0 1.0 1.0 1.0
-42.2 -39.29 -50.0 -41.63 -48.87 -40.21 -56.78 -50.35 -50.0 -40.95  coverage: 1.0 1.0 1.0 1.0

At iterate   10    f= -3.09936D+02    |proj g|=  2.32149D-02

           * * *

Tit   = total number of iterations
Tnf   = total number of function evaluations
Tnint = total number of segments explored during Cauchy searches
Skip  = number of BFGS updates skipped
Nact  = number of active bounds at final generalized Cauchy point
Projg = norm of the final projected gradient
F     = final function value

           * * *

   N    Tit     Tnf  Tnint  Skip  Nact     Projg        F
   18     10     11     10     0     0   2.321D-02  -3.099D+02
  F =  -309.93618864079343

STOP: TOTAL NO. of ITERATIONS REACHED LIMIT
run time: 183.95
9 aps end ====================
3 aps end ====================
many aps end ====================

Process finished with exit code 0
